1 2 0.71111
1 3 0.85000
2 3 0.87135
2 4 0.75000
2 34 0.82143
2 35 0.66667
2 36 0.84000
2 37 0.88235
2 38 0.85714
2 39 0.90476
2 40 0.80000
2 41 0.90625
2 42 0.95000
3 4 0.94054
3 5 0.86747
3 6 0.86792
3 7 0.94000
3 8 0.92500
3 32 0.73913
3 33 0.78261
3 34 0.95455
3 35 0.92857
3 36 0.90361
3 37 0.97778
3 38 0.94203
3 39 0.95556
3 40 1.00000
3 41 0.92308
4 5 0.94760
4 6 0.96450
4 7 0.97546
4 8 0.94017
4 9 0.80556
4 32 0.72727
4 33 0.67742
4 34 0.85484
4 35 0.91358
4 36 0.94286
4 37 0.92188
4 38 0.92683
4 39 0.95000
5 6 1.00000
5 7 1.00000
5 8 0.99537
5 9 0.99083
5 10 0.96875
5 34 0.85714
5 35 0.94340
5 36 0.88095
5 37 0.93333
6 7 0.99711
6 8 0.98502
6 9 0.95804
6 10 0.89041
6 11 0.96491
6 12 0.89286
6 34 0.83871
6 35 0.97674
6 36 0.95349
6 37 0.92500
6 38 0.83333
7 8 1.00000
7 9 0.98020
7 10 0.93617
7 11 0.86538
7 12 0.87500
7 34 0.96154
7 35 0.97500
7 36 0.91892
7 37 0.96667
8 9 0.98545
8 10 0.92126
8 11 0.92632
8 12 0.88372
8 13 0.96154
8 34 1.00000
8 35 1.00000
8 36 1.00000
8 37 1.00000
9 10 0.94937
9 11 0.94949
9 12 1.00000
9 13 0.97297
10 11 0.97887
10 12 0.97059
10 13 1.00000
11 12 0.95161
11 13 1.00000
11 14 0.94595
11 15 0.97297
11 16 0.97561
12 13 0.99448
12 14 1.00000
12 15 0.95556
12 16 0.83871
13 14 0.98830
13 15 0.98198
13 16 0.97297
13 17 0.94737
14 15 0.98077
14 16 0.95385
14 17 1.00000
15 16 1.00000
15 17 0.98305
15 18 0.97297
16 17 0.98889
16 18 0.97778
16 19 0.96970
16 20 1.00000
17 18 1.00000
17 19 0.93750
17 20 1.00000
17 21 0.80000
18 19 0.98571
18 20 0.94737
18 21 0.86207
19 20 1.00000
19 21 0.86667
20 21 1.00000
20 22 0.96667
21 22 1.00000
21 23 1.00000
22 23 0.98551
22 24 1.00000
22 25 1.00000
23 24 0.98387
23 25 1.00000
23 26 1.00000
24 25 0.98148
24 26 0.97674
24 27 1.00000
25 26 0.96000
25 27 0.96296
25 28 0.90625
26 27 0.90244
26 28 0.90000
27 28 0.95833
28 29 0.95349
28 30 0.86364
29 30 0.97727
29 31 0.97059
29 32 1.00000
29 33 0.91667
30 31 1.00000
30 32 1.00000
30 33 1.00000
30 34 1.00000
30 35 0.97436
30 36 1.00000
31 32 1.00000
31 33 1.00000
31 34 1.00000
31 35 1.00000
31 36 0.98718
31 37 0.90476
32 33 1.00000
32 34 0.98225
32 35 1.00000
32 36 0.96842
32 37 0.97143
32 39 0.84211
33 34 0.99628
33 35 1.00000
33 36 0.99415
33 37 0.97938
33 38 0.90909
33 39 0.87097
33 40 0.73684
34 35 1.00000
34 36 1.00000
34 37 1.00000
34 38 0.97931
34 39 0.96923
34 40 0.93333
34 41 0.86364
35 36 1.00000
35 37 0.99286
35 38 0.97931
35 39 0.95455
35 40 0.92105
35 41 0.84211
36 37 0.99704
36 38 0.98225
36 39 0.94937
36 40 0.92500
36 41 0.84211
37 38 1.00000
37 39 0.99270
37 40 0.95385
37 41 0.90909
37 42 0.82609
38 39 0.99512
38 40 0.95041
38 41 0.89474
38 42 0.89286
39 40 0.96648
39 41 0.93333
39 42 0.91429
40 41 0.95192
40 42 0.87500
41 42 0.97333
